123 1.0
0 0.0 1.0
1 -0.745281368131 0.00369947965021
2 -0.28152198301 0.000878073459838
3 0.0993631703119 0.000532876319339
4 0.26863814678 0.000531093630998
5 0.245816333371 0.000507670157076
6 -0.458580403204 0.000215048638443
7 -0.658312345684 0.00139365930164
8 -0.303551369007 0.00272090302481
9 -0.204876714524 0.00360624349938
10 -0.583805228132 0.00186385452718
11 -0.673633989046 0.00334131513203
12 0.105049613935 0.318480864676
13 -0.116561076407 0.845487119061
14 -0.199117938657 0.000678647732031
15 -0.121062042878 0.000680067107618
16 -0.0678154116776 0.000671656328679
17 -0.0524333054009 0.000737529480361
18 -0.075071022651 0.000740354133289
19 -0.234797045614 0.000641916039008
20 -0.0483563305436 0.00068417223014
21 0.166440075039 0.00834532596388
22 -0.127711510482 0.000452519393075
23 0.250344730948 0.00682873524606
24 -0.0832466010232 0.00384483782051
25 -0.139903523884 0.00283237523009
26 0.109298547371 0.0174273305615
27 -0.00407629119643 0.0109580227198
28 0.570089599044 0.0191621734593
29 -0.0372287030414 0.00172703667023
30 -0.30374774978 0.0620121722644
31 0.175891346679 0.00950569827223
32 0.366524650805 0.00902245118154
33 0.0216295953949 0.0242887655498
34 -0.236063786154 0.19036544091
35 -0.925319759359 0.0021153220329
36 -0.127711510482 0.000452519393075
37 -0.0483563305436 0.00068417223014
38 0.0579484676346 0.00163956440346
39 0.567597002563 0.000419335399328
40 0.964257496063 0.000193454260313
41 -0.191056846248 0.00139801205588
42 -0.287371510844 0.00109742292709
43 -0.178431677066 0.0077361425741
44 -0.00554198592578 0.00695090985505
45 -0.0999969030941 0.0152537980192
46 0.658601540972 0.151503147195
47 0.564950872318 0.0039860990287
48 0.254199085542 0.000911120545978
49 -0.21372121363 0.00397867575723
50 0.3702767538 0.00115277802891
51 0.66277029232 0.000815292216943
52 0.56303850939 0.000845226963966
53 -0.121767275544 0.00624326485579
54 0.0346673348856 0.0026239930616
55 0.220168894283 0.00158915627973
56 -0.186321332294 0.00592565723967
57 0.236335775179 0.00227993826454
58 -0.302810157306 0.153804930808
59 0.54027418785 0.00479738193408
60 0.436527209287 0.430202698619
61 1.0137416124 0.00184898638605
62 0.123525653646 0.00504646331819
63 0.370816483818 0.000218216302458
64 0.440258151718 0.000740901812246
65 0.0534892010867 0.0138328440432
66 0.323570039959 0.00252511452478
67 0.0211187979898 0.000156109397621
68 -0.0661409799752 0.00472821768798
69 -0.1066550315 0.0203904802799
70 -0.0772297116904 0.0236799092147
71 -0.211788660659 0.00233698549307
72 -0.299442611478 0.000686459632427
73 -0.0341539883967 0.000176311351776
74 -0.956748625543 0.000157488715857
75 0.0793406580569 0.00128359614345
76 -0.36966844915 0.000149827704914
77 0.302904255568 0.00220149937868
78 -0.739231735192 0.00193203509188
79 -0.219534152618 0.00266004620136
80 -0.0524018893059 0.000298818963553
81 0.151829889311 0.00129715597379
82 0.215862236499 0.000469948331087
83 -0.0555479887377 0.000153400221973
84 0.209466290205 0.22136137636
85 0.119588125678 0.0490593607714
86 -0.0076268554748 0.0396627429051
87 0.342032659459 0.0279004135479
88 -0.175949283829 0.0309896315572
89 0.0405279116729 0.310689825233
90 -0.0459656541458 0.0340720253177
91 0.0392814660995 0.0695411215447
92 -0.166409402287 0.0749369596059
93 -0.685379225033 0.0625797923737
94 -0.208951919686 0.0402953003626
95 -0.231281101697 0.0591770747415
96 -0.0653424172392 0.069886869359
97 -0.135889203935 0.308508768206
98 -0.0107293360014 0.0236444283891
99 0.235949885541 0.0522646715784
100 -0.510156017835 0.069409129322
101 0.255247988275 0.0662215452513
102 -0.336353770247 0.104181822418
103 -0.520188524363 0.0145555131009
104 0.480670854255 0.0716152085694
105 0.450235144318 0.0999560081795
106 0.119652198469 0.141744480177
107 -0.467708754607 0.102784858202
108 -1.05315129626 0.378955948526
109 -0.712896014566 0.206773775095
110 -0.0423847522395 0.0878737272322
111 -0.175206136067 0.116500119025
112 -1.18051521625 0.136777318904
113 0.140622963232 0.224575030035
114 -0.898671410386 0.267939787994
115 -0.230025563346 0.157302669101
116 -1.24764057026 0.341071843408
117 -0.246354270576 0.219638244956
118 0.405351868647 0.181655869131
119 -0.197798692644 0.0960576893861
120 -1.12025288059 0.418807753062
121 -0.673164199805 0.218492952674
122 -0.334204222654 0.219537634501
