123 0.5
0 0.0 1.0
1 -0.339187632061 0.000995877137546
2 -0.103369662798 0.000228871519832
3 0.0946206543376 0.000137562241106
4 0.18302229386 0.000136963047694
5 0.1719828694 0.000130906691431
6 -0.498508805667 5.57617661979e-05
7 -0.600556708995 0.000361279271691
8 -0.426201738011 0.000701295143134
9 -0.378954683738 0.000932814266146
10 -0.575510677572 0.000487105971223
11 -0.613250558829 0.000874899303263
12 -0.250636891288 0.116865971316
13 -0.330213655227 0.550557557103
14 -0.139943135554 0.000175695173651
15 -0.100116728763 0.000175737175004
16 -0.0736867930956 0.000173537103948
17 -0.0647756675975 0.000191579544931
18 -0.0755043189583 0.000191475555451
19 -0.293736539442 0.000166478592021
20 -0.0223769222496 0.000176603495285
21 0.378811587093 0.00217251484195
22 -0.062767718973 0.000116609166373
23 -0.0466103842123 0.00179491230775
24 -0.128467473827 0.00099831914254
25 -0.156456337206 0.000730765522789
26 0.374416132931 0.00437770244611
27 0.285992121113 0.00300009117482
28 0.587194943914 0.00507084092133
29 -0.188844639701 0.000448780426791
30 0.0875946114727 0.020455641457
31 0.395459108688 0.00242722829069
32 0.00822410707183 0.00236894139864
33 0.31278292771 0.006341957282
34 0.114406496041 0.065329681063
35 -0.76906403962 0.000554229905695
36 -0.062767718973 0.000116609166373
37 -0.0223769222496 0.000176603495285
38 0.118534885279 0.000423892738431
39 0.468380753283 0.000108895388346
40 0.896542212035 4.98170649505e-05
41 0.065183400586 0.000362888505718
42 0.0226175432691 0.000289195640707
43 0.0650807671638 0.00205036747836
44 0.166881659887 0.00180479155925
45 0.0953431178645 0.00416302605902
46 0.742387055244 0.0464034026983
47 0.483880879962 0.00103202622475
48 0.32727078795 0.000234055455672
49 0.0906323859312 0.00104590025438
50 0.380777712402 0.000298933498798
51 0.526887012247 0.00021143273192
52 0.478447646349 0.000220398526716
53 0.134913775928 0.00162233184447
54 0.213435784739 0.00068423758417
55 0.311816120216 0.000417488764038
56 0.104481803924 0.00155269473325
57 0.314751147228 0.000586835386655
58 0.055296847093 0.0558790143246
59 0.486601180226 0.00122476116598
60 0.453693731286 0.169246418413
61 0.751382471011 0.000478002481376
62 0.480939164646 0.00135432786751
63 0.366141948814 5.62691084776e-05
64 0.668596691239 0.000193467664043
65 0.378462574806 0.00375150031195
66 0.632370084097 0.000645433967206
67 0.0209417507895 4.03197768825e-05
68 -0.0353807035769 0.00126790110748
69 -0.0380718191995 0.00537385045962
70 -0.0206584732147 0.00617562802732
71 -0.0990384223451 0.000610255478939
72 -0.2073385466 0.000181805577729
73 -0.0338101310387 4.53495085872e-05
74 -0.871036731826 4.07084048684e-05
75 -0.342222945348 0.000334759660007
76 -0.315320520963 3.87571356469e-05
77 0.0287530366331 0.000571462766671
78 -0.375897238115 0.00050805101381
79 -0.0985594946109 0.00070151543432
80 -0.00651113309117 7.72698691733e-05
81 0.0963405629678 0.000334670929836
82 0.132715790488 0.000121041077168
83 -0.0572499055427 3.95354092266e-05
84 0.120127291155 0.0801385076733
85 0.0249487532618 0.0132331273733
86 -0.0356507047928 0.010622183326
87 0.14568858033 0.00735429275677
88 -0.120338821589 0.00823757601382
89 -0.0692938018442 0.112289428217
90 -0.035126112515 0.00900385543605
91 -0.00720853450694 0.0191846473413
92 -0.123564464737 0.0210192084238
93 -0.398390828996 0.0183113232047
94 -0.136919486688 0.0105289067586
95 -0.106302833237 0.0170454924314
96 -0.0730362895185 0.019284214408
97 -0.149709264335 0.105365138445
98 -0.0164487728875 0.00622795727156
99 0.103760871396 0.0144603763601
100 -0.291247709155 0.0202768068441
101 0.115863569351 0.0178000717119
102 -0.146078243485 0.0311278478593
103 -0.305098738983 0.00392099085905
104 0.271240556849 0.0197539542589
105 0.218652982504 0.0282006911776
106 0.0298483450463 0.0418864223087
107 -0.294504802796 0.0313812358915
108 -0.997140689065 0.211583141458
109 -0.488046589032 0.0744249020229
110 -0.0258819885957 0.0253765461332
111 -0.118645048161 0.033585332665
112 -0.674839406553 0.0440966560074
113 0.0582483390753 0.0746717834091
114 -0.720554808748 0.134923204367
115 -0.188442755814 0.0467596203883
116 -1.1527933257 0.214184819023
117 -0.200967911648 0.073043838306
118 0.234513887074 0.057300350001
119 -0.118788341388 0.0286532071012
120 -1.2208447138 0.301586522243
121 -0.490137341598 0.0826274065328
122 -0.217413571415 0.0768113038388
