123 5.0
0 0.0 1.0
1 -3.53392951728 0.0637339007439
2 -1.49281906912 0.0194397185644
3 0.220950457389 0.0121727946977
4 0.950509752938 0.0121639070452
5 0.748323327396 0.0115626230623
6 -0.487534393966 0.00488245075687
7 -1.45974880732 0.0307875969668
8 0.467953420819 0.0594329425171
9 0.922009443589 0.0769950490563
10 -0.75961682507 0.0404383150445
11 -1.23890691854 0.068954475527
12 0.271188389992 0.912781897499
13 -0.0169424893533 0.992772753146
14 -0.72482867349 0.0152778789542
15 -0.32649564918 0.0153025292276
16 -0.091336032339 0.0151571433592
17 -0.0733385187077 0.0164206622442
18 -0.20349061235 0.0165756777732
19 -0.123984512565 0.0144869421042
20 -0.296586200842 0.015461261029
21 -0.809909774967 0.164648670122
22 -0.697995472356 0.0103421650872
23 1.94026223099 0.132056334187
24 0.03740892894 0.0810401482914
25 -0.34645140906 0.0617918325445
26 -1.08879107847 0.256850711209
27 -1.29681701416 0.188020935471
28 0.647297615514 0.320177094811
29 0.822401556824 0.0380614970225
30 -1.25905717771 0.510053450832
31 -0.789885768772 0.173797422836
32 2.33876501885 0.165417676424
33 -1.07090351959 0.325749020421
34 -0.448735917674 0.787498764267
35 -3.11790797312 0.0428255678576
36 -0.697995472356 0.0103421650872
37 -0.296586200842 0.015461261029
38 -0.184183728543 0.0363874160802
39 1.6618534776 0.00945336981559
40 2.00692965027 0.00446181489737
41 -1.53688858554 0.0303339568734
42 -2.31461238769 0.023314551938
43 -1.32515054642 0.141623230696
44 -0.656570829735 0.132330625351
45 -0.890720347549 0.246696200288
46 0.312708079786 0.791679938605
47 1.33043366388 0.0860134773091
48 -0.0483591644474 0.0208576301113
49 -2.24102614371 0.0760102871874
50 0.544976936538 0.026006580874
51 2.02494868527 0.0184302660718
52 1.5183799493 0.0188033808374
53 -1.69210879738 0.119712882511
54 -1.00392304754 0.0556814267504
55 -0.19215927298 0.0345495749424
56 -1.92458751175 0.111117095568
57 -0.0823008778852 0.0508865587759
58 -0.75541074792 0.667483193471
59 0.87850282448 0.103551161213
60 0.190049475164 0.940819598845
61 3.38527902709 0.0410399128311
62 -2.21983689153 0.0879493072766
63 0.961426582566 0.00503014226493
64 -0.879891487279 0.0164360483918
65 -1.75218454437 0.208353871057
66 -1.67411935047 0.0532963886018
67 0.0571861794096 0.00356377695292
68 -0.486245299378 0.0914455329116
69 -0.526168771019 0.311503202488
70 -0.482968226616 0.349866350149
71 -1.01948964547 0.0493868851949
72 -1.15195548594 0.0148670692996
73 -0.0911115065186 0.00404006169242
74 -2.03837289766 0.0035822130789
75 2.84227186642 0.0280676462264
76 -1.15751891032 0.00340264842313
77 1.95092102742 0.0478799030399
78 -3.29684154206 0.0386048677394
79 -1.07325161346 0.0561856775699
80 -0.426397039673 0.00679245185055
81 0.612953563239 0.0292803174855
82 0.878054795539 0.0107646748535
83 -0.183874247055 0.0035220494211
84 0.151698615326 0.844548533714
85 0.422887880857 0.539819799822
86 -0.0230399154316 0.489134455127
87 1.1192390394 0.401307249821
88 -0.365082651319 0.412598945923
89 0.0214379576995 0.915821525112
90 -0.143871924749 0.446720493522
91 0.0734770175016 0.635873598832
92 -0.156022113225 0.643238170841
93 -1.38984234617 0.550525940606
94 -0.503457077182 0.490188249553
95 -0.659960503522 0.526961126944
96 -0.0593384523774 0.634342986807
97 -0.0459610971728 0.914121525035
98 -0.145608234531 0.35429561131
99 0.654657604927 0.553382939859
100 -0.956751881947 0.585258044243
101 0.473772988371 0.62110288674
102 -0.574531994811 0.679810627809
103 -2.070028047 0.223208589761
104 0.739372965381 0.646218653057
105 0.659073968427 0.737602263456
106 0.155352718484 0.789674389212
107 -0.689261655277 0.67588420734
108 -0.494672617575 0.905360046104
109 -0.561165711567 0.806121809635
110 -0.0338797984027 0.664639464461
111 -0.301669971827 0.727188007772
112 -1.41877861113 0.700299913413
113 0.129010038028 0.862307358565
114 -0.60902230051 0.818538555906
115 -0.226732283315 0.811399233079
116 -0.676653674682 0.87685896098
117 -0.157551975528 0.855289834858
118 0.322420023642 0.824858177638
119 -0.446949178327 0.654138450716
120 -0.503494719244 0.910861243904
121 -0.51748207257 0.821508344321
122 -0.289382254888 0.843972973445
